step,reward,loss,sdf,density,contact,total_iou,last_iou
50,-0.11484786947248438,663.8580906101621,5.350652811016228,61.03515625,0.0,0.0,0.0
100,10.272832465537661,653.470410275152,4.350045613248541,60.99699541426668,0.0,0.009311477960182547,0.0019068015538554882
150,32.835304232810316,630.9079385078793,3.484390514279054,59.606403336508926,0.0,0.8438580211751818,0.08047084711990195
200,75.28528562701428,588.4579571136753,2.8331910259407453,56.01260468542678,0.0,3.333667237255263,0.24924517160655887
250,121.50706377791334,542.2361789627762,2.381592834812021,51.84202506146559,0.0,6.484662628809295,0.3899908120892078
300,177.34384311729096,486.39939962339855,2.0144933309998594,46.625446631339976,0.0,10.864833831669678,0.553072148754611
350,240.90188658378298,422.8413561569065,1.7423285511652498,40.541807064525415,0.0,16.58379731204119,0.6516848836263589
400,255.80955034861046,407.933692392079,1.629381167287641,39.163988071920265,0.0,17.782368869072222,0.46323498277223524
450,257.1098211048861,406.63342163580336,1.5487700206483153,39.11457214293202,0.0,17.52495540151277,0.35004311540748384
500,265.42411053331693,398.31913220737255,1.474445323895926,38.35746789684136,0.0,18.048841452376845,0.3621379975794115
550,274.9160307856992,388.8272119549903,1.415362281771469,37.467358913727544,0.0,18.494627877114677,0.33465500339950716
600,275.2258708404139,388.5173719002756,1.3833327757812512,37.46839893506579,5.479180533062315e-05,18.246587432921935,0.38343109324424063
650,273.37694585424714,390.36629688644234,1.375869219838788,37.66075878747832,1.681327130072093e-05,18.116076828348962,0.3865655746179579
700,276.2266758506511,387.51656689003846,1.3639171937775083,37.38773836647543,1.128750916538799e-05,18.364811488063953,0.3984221527617484
750,281.4736859096891,382.26955683100044,1.3496126326071383,36.8773426769089,3.7358401038869174e-06,18.791084835632233,0.40201091363152597
800,286.99086032332343,376.7523824173661,1.3375219282398594,36.33771631349677,0.0,19.400354529868412,0.4056016136391951
850,291.27518357225097,372.46805916843863,1.3311725867475876,35.915633330096284,0.0,19.90313712626139,0.38697708002489034
900,294.8626321167781,368.8806106239115,1.3254171630595017,35.56264389933164,0.0,20.414791319394734,0.3616175978308299
950,302.37788603301976,361.36535670766983,1.3071396195059886,34.829396051261014,0.0,21.27606699596124,0.4025426578742088
1000,311.655177042139,352.0880656985507,1.2856913702608743,33.9231151995942,0.0,22.174224522713782,0.4505820362593012
1050,321.6067818322478,342.13646090844185,1.2643530412251145,32.949283484067955,9.565551129263089e-05,23.27533443700619,0.45578279396363197
1100,339.39844337221695,324.34479936847276,1.2323628443502346,31.202115500555095,1.591941954999969e-05,24.89959843431062,0.4804483624420969
1150,355.46783105684034,308.27541168384937,1.2011173726651962,29.626423066269627,7.294501221896749e-06,26.71789165405065,0.6470564987135928
1200,376.0830256326912,287.6602171079985,1.184200972967318,27.58176565102432,0.0005508680821101032,28.236005491305743,0.8764683778771277
1250,356.225734446584,307.5175082941057,1.189804761133508,29.561945944176152,1.2410090708520075e-06,26.66892929570331,0.7823053064162443
1300,356.8862763469591,306.8569663937306,1.1810649311865697,29.50463170818649,0.0,26.881407633222302,0.8026348198040589
1350,376.1727968475955,287.5704458930942,1.1584744584069664,27.598570130902452,0.0,28.28070544400164,0.9004977888972839
1400,369.4620456390338,294.2811971016559,1.156425244256835,28.271694465908762,0.0,27.90481033091485,0.903419198078488
1450,378.4031309696661,285.3401117710236,1.1509106405731715,27.383100536529177,0.0,28.46372456420273,0.8945697489879791
1500,386.9886915062895,276.75455123440025,1.1511410244457962,26.5243136919399,4.070543354428797e-06,29.359209690092012,0.9273635338797063
1550,378.75871832228165,284.98452441840806,1.1629529944184551,27.335477240393676,0.0002220702865573639,28.411174824046288,0.8543195965140361
1600,385.2114194215354,278.53182331915434,1.1588149147153093,26.69436287370843,4.543491677708707e-05,28.960599169554985,0.893869623267183
1650,388.7669851405677,274.97625760012204,1.1555368199075227,26.34208880212475,1.3797993122055566e-06,29.32717464574589,0.9152703845154875
1700,382.6582914664058,281.084951274284,1.1578078844603292,26.95068724296807,0.0,28.25481456401877,0.9135165185376857
1750,382.63273406127297,281.11050867941685,1.160536054634373,26.95051481330729,0.0,28.471520791582446,0.8981510916694163
1800,383.9002699132541,279.8429728274357,1.161651653782448,26.822645628961123,0.0,29.071558543514822,0.9177195487178326
1850,386.04960713037167,277.6936356103181,1.1597251524500265,26.609638408581777,0.0,28.67007684344121,0.8763136678658295
1900,384.46522952531586,279.2780132153739,1.158269228747108,26.769532092790286,0.0,28.537279345065045,0.8632969289613202
1950,386.01135680687094,277.73188593381883,1.1552266818443333,26.617961911537567,0.0,28.78674081417492,0.8714283379230015
2000,385.74081988517617,278.0024228555136,1.1519565691070144,26.648285716444374,0.0,28.81457409476274,0.8474790220290075
2050,387.06973579266554,276.6735069480242,1.1496374194202428,26.517713275382164,0.0,28.883765481791364,0.8663514089721193
2100,388.20083828350266,275.5424044571871,1.149506219752125,26.404734225966596,0.0,28.93838365921857,0.8635905493698895
2150,389.8133012655376,273.9299414751522,1.1478245461983825,26.24516960131684,0.0,28.92779524840685,0.8966410400259778
2200,390.6139579416512,273.12928479903854,1.1470548107709615,26.16587366913289,0.0,28.822215100363394,0.9051420783425491
2250,396.26305505990695,267.4801876807828,1.1447341853522106,25.60328458272607,0.0,28.947331702254516,0.8906513007991633
2300,396.79265192886794,266.95059081182177,1.1440527918817058,25.551006289300464,0.0,29.515598244934946,0.92997218236515
2350,395.1332761223728,268.6099666183169,1.1428110251115884,25.718185636720122,0.0,29.276939286075077,0.8821015609597354
2400,396.02084776324216,267.72239497744755,1.1427468904415112,25.62949260730324,0.0,29.24096829107486,0.9150073790969363
2450,397.67720596231356,266.0660367783761,1.1442888868404417,25.4623144238747,3.6712244699096865e-06,29.600523856945447,0.9026797590458707
2500,397.8613090196416,265.88193372104803,1.1448049086045229,25.443387724194107,7.393061626869367e-06,29.49890218016044,0.8993408855104664
2550,399.32807349480674,264.41516924588296,1.1417764762002391,25.29973928303947,1.165348566326601e-05,29.397190194463924,0.9113739970185631
2600,402.5847330048535,261.15850973583616,1.1403751475880175,24.97547503360609,7.92389502871021e-06,29.70684567679916,0.912433181015881
2650,403.40321352550757,260.340029215182,1.1419620683326785,24.89204058720643,2.659791037600543e-06,30.182212116661486,0.9428249258209053
2700,404.9241504032798,258.8190923374099,1.1399730390684386,24.741936030635163,1.640373939030887e-06,29.66519469360743,0.9261573174462674
2750,405.00689857605016,258.7363441646395,1.1396477582372613,24.733986559939385,9.828731365724171e-07,29.538842916669804,0.9098967279630088
2800,405.1926899462911,258.5505527943985,1.1389308639150473,24.716124414165247,1.359571787134749e-08,30.14173027340209,0.932368786317599
2850,405.8706329449959,257.87260979569373,1.137435855320935,24.64982512424844,0.0,30.21287397719906,0.9355802295540777
2900,407.4974869146387,256.2457558260509,1.1358533759430292,24.48872220666205,0.0,29.89010643119214,0.9188181958226708
2950,407.80423928648696,255.93900345420263,1.1348862714840293,24.45901407393625,0.0,29.958541495629433,0.9448465818260978
3000,407.99914784795027,255.74409489273938,1.1342771291778244,24.440132360096104,0.0,29.717561775008473,0.9423568166782605
3050,409.1421596945722,254.60108304611734,1.134368106259139,24.325739992931553,2.0542103424110674e-06,30.3095922642126,0.975179014953772
3100,409.9946668963653,253.74857584432442,1.1353683028049308,24.239488927965212,3.53662305483104e-06,30.21111952523784,0.9528859464201479
3150,409.8565548207217,253.8866879199679,1.136191677218048,24.252476504905527,6.098732095498551e-06,30.560197173331122,0.9738615739900315
3200,411.0968769156199,252.64636582506975,1.1363698794669448,24.128265698204242,1.0048357851673657e-05,30.67813474376908,0.9644194952229287
3250,409.21591280364623,254.52732993704328,1.1359354449721208,24.316796345616332,1.203115890059047e-05,29.914185615362708,0.9599773236804388
3300,409.4202129859502,254.3230297547395,1.1356591073282163,24.296643171974647,6.9617109833114594e-06,30.730838645327868,0.9732452944008888
3350,409.40740801714355,254.33583472354607,1.1355574021318668,24.298025378597902,6.916248330500246e-06,29.985501190773174,0.9738438513524528
3400,409.13294287283424,254.61029986785545,1.135004719981864,24.326025266803672,0.0,30.645142584173346,0.9779310580413326
3450,409.9365645023868,253.8066782383029,1.1354066898957518,24.245261133934545,0.0,30.592097465250987,0.9544649890988177
3500,408.8030688270477,254.940173913642,1.137673560671864,24.356343830692342,0.0,30.532483648046988,0.9710068938920643
3550,409.4527674878705,254.29047525281905,1.1373571190864893,24.291690406195414,0.0,30.193427986771045,0.9721360505005844
3600,410.9249587620997,252.81828397858993,1.1345970912477026,24.147231306611282,0.0,30.37920110186349,0.9486047626541666
3650,411.7734414717289,251.96980126896068,1.1339712788193448,24.063008848076713,0.0,30.6063547174499,0.9698007171788533
3700,411.09636776661193,252.6468749740777,1.133592524699525,24.13109497270826,0.0,30.39485610476517,0.9777149059474913
3750,412.4912109039263,251.2520318367633,1.1335089616455332,23.991694222030798,0.0,30.505454623337243,0.9912323573122981
3800,409.54049963375166,254.20274310693796,1.1353091024746846,24.28496516943318,3.8785938049089043e-07,30.87528765249766,0.9894501000631881
3850,406.41889825352445,257.32434448716504,1.1347365907053908,24.597696969506607,8.885045005836632e-06,29.98300410330101,0.9609391049556987
3900,411.15933939610983,252.5839033445798,1.133831223530297,24.12455749566494,1.615262729103104e-05,30.293258463885756,0.9595522200133847
3950,409.01002006982077,254.7332226708688,1.1336785429895668,24.33964357296754,1.511297772684801e-06,30.942773600221166,0.9861920290398808
4000,412.2106524869997,251.5325902536898,1.1312119854097804,24.02204683547222,2.0448698964029943e-06,30.091892827098604,0.9454306938017744
4050,410.3582554795081,253.38498726118152,1.131519915948762,24.206978621214887,1.8895449536285143e-06,29.91460321359462,0.9413964301770809
4100,407.0533452131731,256.6898975275165,1.1349381497095148,24.53405154242202,6.062012418927463e-07,30.886752744311853,0.971122895868052
4150,411.14867124088386,252.59457149980577,1.1337394090159114,24.125717500569415,2.4039523530238288e-06,30.760624395979868,0.984767626655096
4200,405.4647170419652,258.2785256987245,1.1326063520346021,24.69524578700433,4.30833511811624e-06,29.648628822951654,0.9248720168252793
4250,407.2534708486513,256.4897718920383,1.1315494083553959,24.51742776820112,1.2647312659991162e-07,29.792068629896303,0.9385468503453861
4300,409.95483586099306,253.7884068796966,1.1317882702071078,24.247052417762557,0.0,30.684724456010684,0.9891290877765317
4350,410.62803852472285,253.11520421596683,1.1309437452025874,24.180576675303477,1.0906344226088301e-08,30.685050700203433,0.9545443945959786
4400,407.49370591861185,256.2495368220778,1.1297984098078688,24.495155193031653,7.936825490718027e-07,29.839927800208223,0.9296099540168042
4450,410.18785033672606,253.55539240396345,1.1307470904437351,24.224791924876907,2.2507569446067612e-06,30.671686316160354,0.9736678364867297
4500,410.8979437546677,252.8452989860219,1.1300003326477068,24.154529487181538,7.877295530355107e-07,30.338871901745115,0.989221428666698
4550,411.0151627630736,252.72807997761598,1.129336787459695,24.14347118136433,2.8937574437404587e-07,29.872906383892676,0.9375832014878969
4600,412.6025971201658,251.14064562052377,1.1300187383451303,23.984045720619587,1.0308765245137927e-06,30.3278958614475,0.9478267874746182
4650,409.9270227921612,253.81621994852847,1.131418105383997,24.250203720486603,1.6898224185914883e-06,30.83824356243562,0.9898551484674677
4700,409.5672739233183,254.1759688173713,1.1294811688576127,24.288115707893,4.986523321303584e-08,30.188253055550227,0.9526566207441617
4750,411.9079648595358,251.83527788115384,1.128725651127854,24.05480213698752,0.0,30.498799384746498,0.9844647177046104
4800,412.3104137027022,251.43282903798743,1.1280402716834885,24.015242632115257,0.0,30.78167928544091,0.9902289974009345
4850,410.9250162974904,252.81822644319925,1.1266471088958812,24.155175534338216,1.0858296414935777e-08,30.136320448717672,0.9733017246726826
4900,411.1282753273307,252.61496741335898,1.126426524739257,24.135070175939,4.065762779021577e-07,30.063363161840503,0.9738403031517284
4950,408.7790220068543,254.9642207338353,1.1288692201395751,24.36755266806231,1.851816362062465e-06,30.409819430649883,0.9691023994410499
5000,411.3694370652148,252.37380567547487,1.1287971801175747,24.108583387429917,0.0,30.72274517198596,0.9658372541791487
5050,410.34998046351535,253.39326227717433,1.1277791357033589,24.21154709201408,0.0,30.1478549497905,0.9338354694979016
5100,411.49367685003915,252.24956589065047,1.1270554755444722,24.097901113520564,0.0,30.139145621079017,0.9478143301681331
5150,412.15944802642974,251.58379471425985,1.1265025535464193,24.031876917879572,0.0,30.592345821803484,0.97970912197263
5200,412.36535402880776,251.3778887118818,1.1254584749152552,24.012330396272926,0.0,30.282465381854482,0.9809177440975949
5250,410.6796066400945,253.0636361005951,1.1250690539841468,24.181294556075358,0.0,29.713965104731212,0.9338062509956477
5300,411.3356170061007,252.40762573458886,1.125485157727941,24.115277367440193,4.829076406495652e-07,30.34473932511134,0.9609979905993828
5350,413.312685626767,250.4305571139225,1.1259790349513354,23.917076676424795,1.6120238702278333e-10,30.440408743968757,0.9536669068187138
5400,411.9462951074752,251.79694763321442,1.1267348001725381,24.052959963148904,0.0,30.31925409614209,0.9507794618514492
5450,413.4464476212671,250.2967951194225,1.1265629244437445,23.90311650120454,8.629396959919065e-07,30.5785591572346,0.9754288262187739
5500,412.2536921141751,251.48955062651441,1.1269191773039235,24.022035464529093,4.2081842633492715e-06,30.866132785898433,0.9669750222473515
5550,413.86066204182197,249.88258069886768,1.1269359858860053,23.861321313799326,7.702014381489782e-06,30.596765490631835,0.9689665138154522
5600,413.0167216089206,250.7265211317691,1.1270040938631645,23.945647669983227,3.4933049700533683e-06,30.337644265283128,0.9658658147980572
5650,413.55121192329716,250.19203081739246,1.1266792739136329,23.892523075330065,7.324955640835293e-06,30.27238935128441,0.9696854365759771
5700,413.61707379054263,250.12616895014702,1.1258573098786002,23.886759140860505,4.442756045720526e-06,30.43550209115144,0.9626970034385157
5750,413.8020902885037,249.94115245218597,1.1255547406824822,23.868560437589515,6.694660741707925e-07,30.329190380986535,0.9547392377258719
5800,414.1211130820301,249.6221296586595,1.1253942131945462,23.836818730323696,2.2347720932003345e-07,30.197735218012937,0.954740536969406
5850,413.86198137527856,249.88126136541104,1.12492468650046,23.863201332056736,1.1798391799754201e-06,30.211714155513924,0.9623101541164725
5900,413.77898014476204,249.96426259592752,1.123440788895012,23.872984876042572,5.946551815311979e-06,30.15904704168487,0.9637469098748934
5950,412.9621175525205,250.78112518816914,1.1237290994661004,23.954382119260625,1.3000902070408733e-05,30.723370307654474,0.9784602034810344
6000,412.16656577671336,251.57667696397624,1.1230208178451646,24.034646671574194,2.0697826609877466e-06,29.93924922759413,0.9368536057978133
6050,414.19703129363313,249.54621144705644,1.1229365649704766,23.831684579735157,0.0,30.270798365234505,0.9538769333431271
6100,412.6317824828851,251.11146025780445,1.12329311214775,23.98785290387274,9.75995863781903e-08,30.75310426648281,0.9735108973472975
6150,412.98391681521247,250.75932592547724,1.1227283884609303,23.95320418457165,1.9515144830774743e-07,30.293228780101472,0.9493525483088567
6200,414.6745811578657,249.06866158282384,1.1224840569543402,23.784382101328053,0.0,30.36007208586916,0.9511410748878552
6250,412.640106971916,251.10313576877368,1.1225878645991598,23.987725712278195,0.0,30.55598520803029,0.959471302216379
6300,413.89645191377457,249.846790826915,1.122151962771566,23.862527119919932,0.0,30.163988664590015,0.9494345034873954
6350,413.98927960777974,249.75396313290986,1.1237120513282406,23.851684261962745,0.0,30.04655205489753,0.9534041166297837
6400,412.0206616770127,251.722581063677,1.1247103041357214,24.04754780223199,0.0,30.548165047373704,0.9937379564481676
6450,414.51246036247187,249.23078237821773,1.1235800101309974,23.799498227690773,0.0,30.432357684836376,0.9807091951723002
6500,411.857901173412,251.88534156727755,1.1234412194610026,24.065092937266744,0.0,30.13484730262129,0.936422809601053
6550,414.0736160551943,249.6696266854953,1.1234965384690443,23.84346613008047,0.0,30.747910940885394,0.9690477919908913
6600,413.3460391337201,250.3972036069695,1.1231996100478758,23.91652075064908,0.0,30.8165842610259,0.9759757630989575
6650,413.88857791570524,249.85466482498447,1.1222809816885224,23.863185500809948,0.0,30.2674237933543,0.950446625704885
6700,415.01513797663966,248.72810476404996,1.1219617318823818,23.7508487445226,0.0,30.224144383935737,0.9508071485338164
6750,412.3962345807985,251.3470081598912,1.1226137873541766,24.01208702863495,0.0,30.806543435278282,0.9844193219300542
6800,413.59545349070805,250.1477892499816,1.122520169285337,23.89225875548411,2.287015965116038e-09,30.72238491316524,0.9789709533482536
6850,410.3097603660212,253.43348237466847,1.1230511311401759,24.220296729234676,3.7709199397105156e-06,30.050447558214525,0.9390547364982638
6900,412.7121704091806,251.03107233150908,1.123038209165632,23.98006835735494,6.6663034548441895e-06,30.76895082106139,0.9609128262641699
6950,414.88391783613446,248.859324904555,1.122540437107324,23.763392045539533,7.808631353294515e-08,30.549583064168676,0.9482749882312489
7000,413.90439932675406,249.8388434139356,1.1224011077504326,23.86148321386882,1.9774287801390265e-07,30.44729720551597,0.9578977865513822
7050,413.48171971889553,250.2615230217941,1.1221553551014696,23.903996944553633,2.524291579151668e-08,29.952449798425242,0.9378728549362524
7100,414.67205685648577,249.07118588420389,1.1224765682762858,23.784641753450053,2.6669403983899494e-06,30.323975024709245,0.9479092228565859
7150,414.3974284974269,249.34581424326257,1.1227455449752524,23.81183570595273,1.7339828549155957e-06,30.71285373438986,0.9650149782186599
7200,413.3179591491636,250.42528359152604,1.122412959456023,23.92011393323708,1.4664594909802028e-05,30.170107298396474,0.9443010030434734
7250,413.52046011249604,250.2227826281934,1.122591615527749,23.899686145194927,5.020966749667044e-06,30.495384242359957,0.9783353447070099
7300,411.2584630343477,252.48477970634187,1.1234877635209324,24.124989459033237,7.480800204644231e-06,30.804483462197773,0.9821402374223781
7350,412.63033657270614,251.11290616798354,1.1237832878984682,23.987506774493912,5.544059759221913e-06,30.70032751259315,0.9774152125470121
7400,412.8319136697252,250.9113290709644,1.1235101482008223,23.967621788223436,9.706721915625818e-06,30.340078825019585,0.9516497351840876
7450,412.13419351437454,251.60904922631502,1.1233208487509374,24.037584073880566,0.0,30.423160904174708,0.9480580205063046
7500,412.8308883532111,250.9123543874786,1.1236675987391926,23.96756784000865,0.0,30.130065288883824,0.9413562724828
7550,411.16862759249005,252.5746151481995,1.1232056733078744,24.134255841512093,0.0,30.098813669443896,0.9385060639168781
7600,412.2572230245981,251.4860197160915,1.1245701520455742,24.024031819563568,0.0,30.87829914071394,0.9612325137838348
7650,413.5344394459983,250.20880329469122,1.125256653988986,23.895623675480138,0.0,30.66326966344992,0.951227958965764
7700,411.1401541538312,252.60308858685846,1.1257378740387007,24.134570984647144,0.0,30.286954630871502,0.9484232030697181
7750,411.85682457504936,251.8864181656402,1.1261057607556257,24.062536055808383,0.0,30.477508638105306,0.9705835321471509
7800,412.22708085445316,251.51616188623646,1.1245681505089569,24.02704803811469,0.0,30.23731709618146,0.9546115965861749
7850,411.12680053396605,252.6164422067236,1.1239166167448498,24.137727603927498,0.0,30.22051128249479,0.9528521634957773
7900,412.12435827274186,251.61888446794777,1.1229281277410508,24.038960319053725,0.0,30.468158417035863,0.9806077922362273
7950,413.3682141381768,250.3750286025128,1.124702548278172,23.912800311973108,0.0,30.46602625061928,0.9602398966637266
8000,410.11765230673126,253.62559043395837,1.1291155819224556,24.233443087786682,3.736867307017093e-06,29.87187725290064,0.9299143623134278
8050,408.8509065236097,254.89233621707993,1.1373868702274166,24.351842739893968,4.011586607031469e-05,30.66625164797027,0.9795112666867457
8100,403.11281642948325,260.63042631120646,1.131187164761118,24.931855457251682,9.107876263989959e-08,29.87812552360635,0.9360893207203866
8150,409.94302082655713,253.80022191413246,1.1253521759684195,24.254670015444827,0.0,29.868711510357315,0.9255778330048264
8200,407.60715962700783,256.13608311368176,1.1244576126200088,24.48915069874816,0.0,30.63451013353745,0.9526925543073586
8250,403.9661420411924,259.7771006994972,1.1264039379678699,24.851306131981836,0.0,30.08697961906034,0.9340574664482726
8300,399.8415300874373,263.9017126532524,1.1301003911751755,25.26007087415008,0.0,29.74070837403575,0.8961861986507197
8350,396.8544904368822,266.88875230380745,1.130814083176287,25.558061147204466,0.0,29.572901795302478,0.9129403584132071
8400,402.721309343745,261.0219333969447,1.1292704524177555,24.972922887276713,0.0,30.324270236513065,0.9504088804140607
8450,401.18072246270316,262.5625202779865,1.1291885930820744,25.127063434716582,0.0,30.00873126240824,0.9251907806573225
8500,408.0664991315577,255.67674360913193,1.1251998452294028,24.442474515683802,0.0,30.154429235738963,0.958316833843761
8550,403.629609230059,260.11363351063073,1.1251510176634707,24.886212333399587,0.0,29.646394340678484,0.9513482743280199
8600,406.7786905212473,256.9645522194424,1.1254439317290619,24.571011290215193,0.0,29.653657685369453,0.935500047064491
8650,404.5377134165847,259.20552932410493,1.1269660889075257,24.793586843502975,0.0,29.697950703889944,0.9222086831110621
8700,405.3754766472451,258.36776609344463,1.1270599597585231,24.70971664958595,0.0,29.908555798639107,0.9428197447034413
8750,404.14769607216454,259.59554666852506,1.1261725903716882,24.833382076419777,6.103618203149266e-10,29.42471427810844,0.9381505391307066
8800,404.7451583472661,258.9980843934235,1.1270545278450552,24.772753911497283,0.0,29.986150356738722,0.9282025104389019
8850,406.9240552812405,256.8191874594491,1.126829560116152,24.555089185828756,0.0,30.125173477163912,0.945778118803448
8900,407.6182231626197,256.12501957806995,1.1260105354259948,24.486491422381015,0.0,30.355713439842347,0.9356377353521221
8950,410.3026672776229,253.44057546306666,1.1242950302335928,24.21976251607308,0.0,30.328534343534727,0.9612643816805485
9000,409.03230652107186,254.71093621961774,1.1240897617476329,24.347003860214137,0.0,30.184963068433024,0.9639236398479769
9050,409.32929258520966,254.41395015547994,1.1249898034971701,24.316405212050814,0.0,30.41678563985198,0.9586300999431195
9100,410.5307322015502,253.2125105391394,1.1257034640772898,24.19554758983664,0.0,30.44630021519257,0.9866276156622594
9150,410.1948395946031,253.54840314608654,1.126591850445547,24.22824842577494,3.8388162247991047e-07,30.106629678918694,0.9638329374021761
9200,409.4169838897747,254.32625885091488,1.1261324157233255,24.306493469368164,0.0,29.69591816939246,0.9330907361026156
9250,409.7161651342711,254.0270776064185,1.1272176372952505,24.2754901233466,0.0,30.18870128851063,0.9386996954795453
9300,410.8783308879735,252.8649118527161,1.1264154973360492,24.160075687935574,0.0,30.29642853427033,0.9383496793845534
9350,411.49704533737713,252.24619740331244,1.126031218230831,24.09858715831263,1.363787800398168e-05,30.030710641812522,0.932047426300882
9400,412.3246863797297,251.41855636095994,1.1257493553982105,24.01610565426749,6.264302835926466e-06,30.130050708242763,0.9418579186608671
9450,412.820022883408,250.9232198572816,1.1258408385385064,23.966480956701545,1.9048809938155927e-06,30.498205675181644,0.9540939987070778
9500,409.9167582257125,253.8264845149771,1.126285892212228,24.256362536114548,2.317093680618026e-07,30.423080422326105,0.9538549426951215
9550,412.65634678408105,251.08689595660854,1.1250453246514878,23.98364425088866,2.0120714383604058e-07,30.704704180850197,0.9695562682861175
9600,412.38572675004957,251.35751599064005,1.1238323640093586,24.011919223436028,1.1618630760683133e-07,30.228015140741512,0.9597633126295717
9650,412.15170396594755,251.59153877474205,1.1240831433386522,24.03507073413554,0.0,30.615705452898965,0.9649907880385289
9700,410.81557033239716,252.92767240829247,1.1233931457432382,24.16937408880103,6.284966283981268e-08,30.133051538797368,0.9723988915004231
9750,412.4557167353579,251.2875260053317,1.123538334929891,24.005214265603293,0.0,30.37201960284025,0.9900752905226223
9800,413.52665574952516,250.2165869911645,1.123560518058571,23.898098181057865,0.0,30.184320669125647,0.9654230251452032
9850,410.96195827831946,252.78128446237014,1.1232310126772598,24.15489743355976,0.0,30.172256244806466,0.9601032263963859
9900,413.6756055260066,250.067637214683,1.1229802156328472,23.883783505835453,0.0,30.45494807938081,0.9784355841495743
9950,410.9811736126974,252.76206912799228,1.1235414048521237,24.1526655079471,0.0,30.56251249828299,0.9686800916180134
10000,414.5749037319238,249.1683390087658,1.1222052234276143,23.794628674177563,3.271398588065756e-08,30.147992356148375,0.9580203954108576
