step,reward,loss,sdf,density,contact,total_iou,last_iou
50,-2.039757603711223e-06,651.2510239525633,4.080211355216661,61.03515785902865,0.09733181011024973,0.0,0.0
100,0.6359252437679714,650.6150966690377,4.0250541443913805,61.03455737114377,0.018981513686910353,1.781876242353932e-05,8.397691396770732e-06
150,3.5025306007657235,647.74849131204,3.8238526636807064,60.94998817380379,0.010082937194788675,0.025240035742347997,0.005472952779901631
200,8.950308954073805,642.3007129587319,3.643470248261008,60.58578785770847,0.00813189903678882,0.22860662519667366,0.035455954956718556
250,20.82713392994883,630.4238879828569,3.4165846643510522,59.62527699034172,0.005271435929041575,0.9440583200584711,0.1208062501197977
300,35.491872061708406,615.7591498510973,3.224715918068894,58.350769596514844,0.004294705259789729,1.986113563317899,0.18472586386507123
350,49.406788594150086,601.8442333186556,3.0612228902733767,57.12283622839046,0.0036421320169850776,3.048544400539411,0.18942820588321313
400,63.29237014342668,587.958651769379,2.9169959799917473,55.87855308394313,0.003161130030297734,3.982373921132799,0.18953505739186852
450,72.3070484485782,578.9439734642275,2.7933583285123342,55.10076020081171,0.0027881709872494276,4.631953454715742,0.1905600947240704
500,73.05774863333812,578.1932732794676,2.678712268902699,55.14036510568805,0.002499533560589852,4.577711727448322,0.1686927287534065
550,75.86397406018335,575.3870478526223,2.553404036685597,54.98507400999681,0.0022673857982926943,4.679273999583106,0.17764936879309448
600,82.71032702810166,568.5406948847041,2.4313968146440663,54.42246442707175,0.002082467545865406,5.128679481985122,0.23390323181212072
650,93.18433438107272,558.066687531733,2.3022680880253397,53.504207864272054,0.0019280087593393053,5.9005240869290265,0.28146879663040647
700,101.6781830715233,549.5728388412824,2.1967044783714225,52.7603993320611,0.0018007369569841979,6.536110963993389,0.3039016495863778
750,109.33899384555059,541.9120280672552,2.112304642810676,52.07872965537775,0.001685085370753018,7.158013045979683,0.3231832884827459
800,112.08229789641177,539.168724016394,2.0619303117680006,51.85478357883021,0.001585110411957262,7.3618659328166505,0.3117828876910958
850,113.29796026551128,537.9530616472945,2.031135251288534,51.764021010698315,0.001499027426214081,7.438914838884168,0.3102382297535781
900,115.381223275568,535.8697986372377,2.002568139629875,51.5842617485855,0.0014997550839051163,7.6201254555489575,0.30756424168974433
950,117.65160087989682,533.5994210329089,1.9753604436344714,51.384396988340626,0.0018467131579464047,7.7837168726504995,0.306337689885886
1000,119.7295702344129,531.5214516783929,1.9510167878562894,51.200894111066646,0.002342689163426428,7.930132923919845,0.3029325140005674
